0 0
0.001000 0.000000
0.002000 0.000000
0.003000 0.000000
0.004000 0.000000
0.005000 0.000000
0.006000 0.000000
0.007000 0.000000
0.008000 0.000000
0.009000 0.000000
0.010000 0.000000
0.011000 0.000000
0.012000 0.000000
0.013000 0.000000
0.014000 0.000000
0.015000 0.000000
0.016000 0.000000
0.017000 0.000000
0.018000 0.000000
0.019000 0.000000
0.020000 0.000000
0.021000 0.000000
0.022000 0.000000
0.023000 0.000000
0.024000 0.000000
0.025000 0.000000
0.026000 0.000000
0.027000 0.000000
0.028000 0.000000
0.029000 0.000000
0.030000 0.000000
0.031000 0.000000
0.032000 0.000000
0.033000 0.000000
0.034000 0.000000
0.035000 0.000000
0.036000 0.000000
0.037000 0.000000
0.038000 0.000000
0.039000 0.000000
0.040000 0.000000
0.041000 0.000000
0.042000 0.000000
0.043000 0.000000
0.044000 0.000000
0.045000 0.000000
0.046000 0.000000
0.047000 0.000000
0.048000 0.000000
0.049000 0.000000
0.050000 0.000000
0.051000 0.000000
0.052000 0.000000
0.053000 0.000000
0.054000 0.033333
0.055000 0.000000
0.056000 0.000000
0.057000 0.000000
0.058000 0.000000
0.059000 0.000000
0.060000 0.000000
0.061000 0.033333
0.062000 0.033333
0.063000 0.033333
0.064000 0.033333
0.065000 0.033333
0.066000 0.033333
0.067000 0.033333
0.068000 0.033333
0.069000 0.033333
0.070000 0.033333
0.071000 0.033333
0.072000 0.033333
0.073000 0.033333
0.074000 0.033333
0.075000 0.033333
0.076000 0.033333
0.077000 0.033333
0.078000 0.033333
0.079000 0.033333
0.080000 0.033333
0.081000 0.033333
0.082000 0.033333
0.083000 0.033333
0.084000 0.033333
0.085000 0.033333
0.086000 0.033333
0.087000 0.033333
0.088000 0.033333
0.089000 0.033333
0.090000 0.033333
0.091000 0.033333
0.092000 0.033333
0.093000 0.033333
0.094000 0.033333
0.095000 0.033333
0.096000 0.033333
0.097000 0.033333
0.098000 0.033333
0.099000 0.033333
0.100000 0.033333
0.101000 0.033333
0.102000 0.033333
0.103000 0.033333
0.104000 0.033333
0.105000 0.033333
0.106000 0.033333
0.107000 0.033333
0.108000 0.033333
0.109000 0.033333
0.110000 0.033333
0.111000 0.033333
0.112000 0.033333
0.113000 0.033333
0.114000 0.033333
0.115000 0.033333
0.116000 0.033333
0.117000 0.033333
0.118000 0.033333
0.119000 0.033333
0.120000 0.033333
0.121000 0.033333
0.122000 0.033333
0.123000 0.033333
0.124000 0.033333
0.125000 0.033333
0.126000 0.033333
0.127000 0.033333
0.128000 0.033333
0.129000 0.033333
0.130000 0.033333
0.131000 0.033333
0.132000 0.033333
0.133000 0.033333
0.134000 0.033333
0.135000 0.033333
0.136000 0.033333
0.137000 0.033333
0.138000 0.033333
0.139000 0.033333
0.140000 0.033333
0.141000 0.033333
0.142000 0.033333
0.143000 0.033333
0.144000 0.033333
0.145000 0.033333
0.146000 0.033333
0.147000 0.033333
0.148000 0.033333
0.149000 0.033333
0.150000 0.033333
0.151000 0.033333
0.152000 0.033333
0.153000 0.033333
0.154000 0.033333
0.155000 0.033333
0.156000 0.033333
0.157000 0.033333
0.158000 0.033333
0.159000 0.033333
0.160000 0.066667
0.161000 0.066667
0.162000 0.066667
0.163000 0.066667
0.164000 0.033333
0.165000 0.066667
0.166000 0.066667
0.167000 0.066667
0.168000 0.066667
0.169000 0.066667
0.170000 0.066667
0.171000 0.066667
0.172000 0.066667
0.173000 0.066667
0.174000 0.066667
0.175000 0.066667
0.176000 0.066667
0.177000 0.066667
0.178000 0.066667
0.179000 0.066667
0.180000 0.066667
0.181000 0.066667
0.182000 0.066667
0.183000 0.066667
0.184000 0.066667
0.185000 0.066667
0.186000 0.066667
0.187000 0.066667
0.188000 0.066667
0.189000 0.066667
0.190000 0.066667
0.191000 0.066667
0.192000 0.066667
0.193000 0.066667
0.194000 0.066667
0.195000 0.066667
0.196000 0.066667
0.197000 0.066667
0.198000 0.066667
0.199000 0.066667
0.200000 0.066667
0.201000 0.066667
0.202000 0.066667
0.203000 0.066667
0.204000 0.066667
0.205000 0.066667
0.206000 0.066667
0.207000 0.066667
0.208000 0.066667
0.209000 0.066667
0.210000 0.066667
0.211000 0.066667
0.212000 0.066667
0.213000 0.066667
0.214000 0.066667
0.215000 0.066667
0.216000 0.066667
0.217000 0.066667
0.218000 0.066667
0.219000 0.066667
0.220000 0.066667
0.221000 0.066667
0.222000 0.066667
0.223000 0.066667
0.224000 0.066667
0.225000 0.066667
0.226000 0.066667
0.227000 0.066667
0.228000 0.066667
0.229000 0.066667
0.230000 0.100000
0.231000 0.100000
0.232000 0.100000
0.233000 0.100000
0.234000 0.100000
0.235000 0.066667
0.236000 0.100000
0.237000 0.066667
0.238000 0.100000
0.239000 0.100000
0.240000 0.100000
0.241000 0.100000
0.242000 0.100000
0.243000 0.100000
0.244000 0.100000
0.245000 0.100000
0.246000 0.100000
0.247000 0.100000
0.248000 0.100000
0.249000 0.100000
0.250000 0.100000
0.251000 0.100000
0.252000 0.100000
0.253000 0.100000
0.254000 0.100000
0.255000 0.100000
0.256000 0.100000
0.257000 0.100000
0.258000 0.100000
0.259000 0.100000
0.260000 0.100000
0.261000 0.100000
0.262000 0.100000
0.263000 0.100000
0.264000 0.100000
0.265000 0.100000
0.266000 0.100000
0.267000 0.100000
0.268000 0.100000
0.269000 0.100000
0.270000 0.100000
0.271000 0.100000
0.272000 0.100000
0.273000 0.100000
0.274000 0.100000
0.275000 0.100000
0.276000 0.100000
0.277000 0.100000
0.278000 0.100000
0.279000 0.100000
0.280000 0.100000
0.281000 0.133333
0.282000 0.133333
0.283000 0.133333
0.284000 0.133333
0.285000 0.133333
0.286000 0.133333
0.287000 0.133333
0.288000 0.133333
0.289000 0.133333
0.290000 0.133333
0.291000 0.133333
0.292000 0.133333
0.293000 0.133333
0.294000 0.133333
0.295000 0.133333
0.296000 0.133333
0.297000 0.133333
0.298000 0.133333
0.299000 0.133333
0.300000 0.133333
0.301000 0.133333
0.302000 0.133333
0.303000 0.133333
0.304000 0.133333
0.305000 0.133333
0.306000 0.133333
0.307000 0.133333
0.308000 0.133333
0.309000 0.133333
0.310000 0.133333
0.311000 0.133333
0.312000 0.133333
0.313000 0.133333
0.314000 0.133333
0.314999 0.133333
0.315999 0.133333
0.316999 0.133333
0.317999 0.133333
0.318999 0.133333
0.319999 0.133333
0.320999 0.166667
0.321999 0.166667
0.322999 0.133333
0.323999 0.166667
0.324999 0.166667
0.325999 0.166667
0.326999 0.166667
0.327999 0.166667
0.328999 0.166667
0.329999 0.166667
0.330999 0.166667
0.331999 0.166667
0.332999 0.166667
0.333999 0.166667
0.334999 0.166667
0.335999 0.166667
0.336999 0.166667
0.337999 0.166667
0.338999 0.166667
0.339999 0.166667
0.340999 0.166667
0.341999 0.166667
0.342999 0.166667
0.343999 0.166667
0.344999 0.166667
0.345999 0.166667
0.346999 0.166667
0.347999 0.166667
0.348999 0.166667
0.349999 0.166667
0.350999 0.200000
0.351999 0.200000
0.352999 0.200000
0.353999 0.200000
0.354999 0.200000
0.355999 0.166667
0.356999 0.200000
0.357999 0.200000
0.358999 0.200000
0.359999 0.166667
0.360999 0.200000
0.361999 0.200000
0.362999 0.200000
0.363999 0.200000
0.364999 0.200000
0.365999 0.200000
0.366999 0.200000
0.367999 0.200000
0.368999 0.200000
0.369999 0.200000
0.370999 0.233333
0.371999 0.200000
0.372999 0.200000
0.373999 0.200000
0.374999 0.233333
0.375999 0.200000
0.376999 0.233333
0.377999 0.200000
0.378999 0.200000
0.379999 0.200000
0.380999 0.233333
0.381999 0.233333
0.382999 0.233333
0.383999 0.233333
0.384999 0.233333
0.385999 0.233333
0.386999 0.233333
0.387999 0.233333
0.388999 0.233333
0.389999 0.233333
0.390999 0.233333
0.391998 0.233333
0.392998 0.233333
0.393998 0.233333
0.394998 0.233333
0.395998 0.233333
0.396998 0.266667
0.397998 0.233333
0.398998 0.266667
0.399998 0.266667
0.400998 0.266667
0.401998 0.266667
0.402998 0.266667
0.403998 0.266667
0.404998 0.266667
0.405998 0.266667
0.406998 0.266667
0.407998 0.266667
0.408998 0.266667
0.409998 0.266667
0.410998 0.300000
0.411998 0.300000
0.412998 0.266667
0.413998 0.266667
0.414998 0.266667
0.415998 0.266667
0.416998 0.266667
0.417998 0.300000
0.418998 0.266667
0.419998 0.300000
0.420998 0.300000
0.421998 0.300000
0.422998 0.300000
0.423998 0.300000
0.424998 0.300000
0.425998 0.300000
0.426998 0.300000
0.427998 0.300000
0.428998 0.300000
0.429998 0.300000
0.430998 0.333333
0.431998 0.333333
0.432998 0.333333
0.433998 0.333333
0.434998 0.333333
0.435998 0.333333
0.436998 0.333333
0.437998 0.333333
0.438998 0.333333
0.439998 0.333333
0.440998 0.333333
0.441998 0.366667
0.442998 0.366667
0.443998 0.366667
0.444998 0.366667
0.445998 0.366667
0.446998 0.366667
0.447998 0.366667
0.448998 0.366667
0.449998 0.366667
0.450998 0.366667
0.451998 0.400000
0.452998 0.400000
0.453998 0.400000
0.454998 0.400000
0.455998 0.366667
0.456998 0.400000
0.457998 0.400000
0.458998 0.366667
0.459998 0.366667
0.460998 0.433333
0.461998 0.433333
0.462998 0.433333
0.463998 0.433333
0.464998 0.433333
0.465998 0.433333
0.466998 0.433333
0.467998 0.433333
0.468998 0.433333
0.469997 0.433333
0.470997 0.466667
0.471997 0.466667
0.472997 0.466667
0.473997 0.466667
0.474997 0.466667
0.475997 0.466667
0.476997 0.466667
0.477997 0.466667
0.478997 0.466667
0.479997 0.466667
0.480997 0.500000
0.481997 0.500000
0.482997 0.500000
0.483997 0.500000
0.484997 0.500000
0.485997 0.533333
0.486997 0.533333
0.487997 0.500000
0.488997 0.500000
0.489997 0.500000
0.490997 0.533333
0.491997 0.566667
0.492997 0.600000
0.493997 0.533333
0.494997 0.566667
0.495997 0.566667
0.496997 0.533333
0.497997 0.533333
0.498997 0.566667
0.499997 0.566667
0.500000 0.566667
0.501000 0.633333
0.502000 0.633333
0.503000 0.633333
0.504000 0.600000
0.505000 0.633333
0.506000 0.633333
0.507000 0.633333
0.508000 0.600000
0.509000 0.633333
0.510000 0.633333
0.511000 0.666667
0.512000 0.700000
0.513000 0.700000
0.514000 0.666667
0.515000 0.666667
0.516000 0.700000
0.517000 0.700000
0.518000 0.700000
0.519000 0.666667
0.520000 0.666667
0.521000 0.733333
0.522000 0.766667
0.523000 0.766667
0.524000 0.766667
0.525000 0.766667
0.526000 0.766667
0.527000 0.766667
0.528000 0.766667
0.529000 0.766667
0.530000 0.766667
0.531000 0.833333
0.532000 0.866667
0.533000 0.866667
0.534000 0.866667
0.535000 0.833333
0.536000 0.866667
0.537000 0.866667
0.538000 0.900000
0.538999 0.866667
0.539999 0.866667
0.540999 0.933333
0.541999 0.966667
0.542999 0.966667
0.543999 0.966667
0.544999 0.966667
0.545999 0.966667
0.546999 0.933333
0.547999 1.000000
0.548999 0.966667
0.549999 0.966667
0.550999 1.066667
0.551999 1.033333
0.552999 1.066667
0.553999 1.066667
0.554999 1.033333
0.555999 1.033333
0.556999 1.066667
0.557999 1.066667
0.558999 1.100000
0.559999 1.066667
0.560999 1.166667
0.561999 1.200000
0.562999 1.200000
0.563999 1.166667
0.564999 1.133333
0.565999 1.200000
0.566999 1.200000
0.567999 1.133333
0.568999 1.200000
0.569999 1.200000
0.570999 1.333333
0.571999 1.300000
0.572999 1.300000
0.573999 1.266667
0.574999 1.300000
0.575999 1.300000
0.576999 1.266667
0.577999 1.300000
0.578999 1.333333
0.579999 1.333333
0.580999 1.433333
0.581999 1.400000
0.582999 1.400000
0.583999 1.400000
0.584999 1.433333
0.585999 1.400000
0.586999 1.433333
0.587999 1.433333
0.588999 1.433333
0.589999 1.366667
0.590999 1.500000
0.591999 1.533333
0.592999 1.500000
0.593999 1.500000
0.594999 1.500000
0.595999 1.500000
0.596999 1.500000
0.597999 1.533333
0.598999 1.500000
0.599999 1.533333
0.600999 1.600000
0.601999 1.600000
0.602999 1.633333
0.603999 1.633333
0.604999 1.600000
0.605999 1.633333
0.606999 1.600000
0.607999 1.600000
0.608999 1.633333
0.609999 1.633333
0.610999 1.666667
0.611999 1.666667
0.612999 1.700000
0.613999 1.666667
0.614999 1.666667
0.615999 1.733333
0.616998 1.666667
0.617998 1.633333
0.618998 1.666667
0.619998 1.700000
0.620998 1.733333
0.621998 1.733333
0.622998 1.700000
0.623998 1.733333
0.624998 1.733333
0.625998 1.700000
0.626998 1.733333
0.627998 1.700000
0.628998 1.733333
0.629998 1.700000
0.630998 1.733333
0.631998 1.766667
0.632998 1.766667
0.633998 1.700000
0.634998 1.766667
0.635998 1.766667
0.636998 1.733333
0.637998 1.733333
0.638998 1.733333
0.639998 1.733333
0.640998 1.733333
0.641998 1.766667
0.642998 1.733333
0.643998 1.733333
0.644998 1.766667
0.645998 1.733333
0.646998 1.733333
0.647998 1.700000
0.648998 1.733333
0.649998 1.733333
0.650998 1.733333
0.651998 1.733333
0.652998 1.733333
0.653998 1.733333
0.654998 1.733333
0.655998 1.733333
0.656998 1.733333
0.657998 1.733333
0.658998 1.733333
0.659998 1.733333
0.660998 1.700000
0.661998 1.700000
0.662998 1.700000
0.663998 1.700000
0.664998 1.700000
0.665998 1.700000
0.666998 1.733333
0.667998 1.700000
0.668998 1.700000
0.669998 1.700000
0.670998 1.666667
0.671998 1.666667
0.672998 1.666667
0.673998 1.666667
0.674998 1.666667
0.675998 1.666667
0.676998 1.666667
0.677998 1.666667
0.678998 1.666667
0.679998 1.666667
0.680998 1.600000
0.681998 1.600000
0.682998 1.600000
0.683998 1.633333
0.684998 1.633333
0.685998 1.633333
0.686998 1.600000
0.687998 1.600000
0.688998 1.600000
0.689998 1.633333
0.690998 1.566667
0.691998 1.566667
0.692998 1.566667
0.693998 1.566667
0.694997 1.566667
0.695997 1.566667
0.696997 1.566667
0.697997 1.566667
0.698997 1.566667
0.699997 1.566667
0.700997 1.533333
0.701997 1.533333
0.702997 1.533333
0.703997 1.533333
0.704997 1.533333
0.705997 1.533333
0.706997 1.533333
0.707997 1.533333
0.708997 1.533333
0.709997 1.533333
0.710997 1.500000
0.711997 1.500000
0.712997 1.500000
0.713997 1.500000
0.714997 1.500000
0.715997 1.500000
0.716997 1.500000
0.717997 1.500000
0.718997 1.500000
0.719997 1.500000
0.720997 1.466667
0.721997 1.466667
0.722997 1.466667
0.723997 1.466667
0.724997 1.466667
0.725997 1.466667
0.726997 1.466667
0.727997 1.466667
0.728997 1.466667
0.729997 1.466667
0.730997 1.433333
0.731997 1.433333
0.732997 1.433333
0.733997 1.433333
0.734997 1.433333
0.735997 1.433333
0.736997 1.433333
0.737997 1.433333
0.738997 1.433333
0.739997 1.433333
0.740997 1.400000
0.741997 1.400000
0.742997 1.400000
0.743997 1.400000
0.744997 1.400000
0.745997 1.400000
0.746997 1.400000
0.747997 1.400000
0.748997 1.400000
0.749997 1.400000
0.750000 1.400000
0.751000 1.366667
0.752000 1.366667
0.753000 1.366667
0.754000 1.366667
0.755000 1.366667
0.756000 1.366667
0.757000 1.366667
0.758000 1.366667
0.759000 1.366667
0.760000 1.366667
0.761000 1.366667
0.762000 1.366667
0.763000 1.366667
0.764000 1.366667
0.765000 1.366667
0.766000 1.366667
0.767000 1.333333
0.768000 1.333333
0.769000 1.366667
0.770000 1.333333
0.771000 1.333333
0.772000 1.333333
0.773000 1.333333
0.774000 1.333333
0.775000 1.333333
0.776000 1.333333
0.777000 1.333333
0.778000 1.333333
0.779000 1.333333
0.780000 1.333333
0.781000 1.300000
0.782000 1.300000
0.783000 1.300000
0.784000 1.300000
0.785000 1.300000
0.786000 1.300000
0.787000 1.300000
0.788000 1.300000
0.788999 1.300000
0.789999 1.300000
0.790999 1.300000
0.791999 1.300000
0.792999 1.300000
0.793999 1.300000
0.794999 1.300000
0.795999 1.300000
0.796999 1.300000
0.797999 1.266667
0.798999 1.300000
0.799999 1.300000
0.800999 1.266667
0.801999 1.266667
0.802999 1.266667
0.803999 1.266667
0.804999 1.266667
0.805999 1.266667
0.806999 1.266667
0.807999 1.266667
0.808999 1.266667
0.809999 1.266667
0.810999 1.266667
0.811999 1.233333
0.812999 1.233333
0.813999 1.266667
0.814999 1.266667
0.815999 1.233333
0.816999 1.233333
0.817999 1.233333
0.818999 1.266667
0.819999 1.233333
0.820999 1.233333
0.821999 1.233333
0.822999 1.233333
0.823999 1.233333
0.824999 1.233333
0.825999 1.233333
0.826999 1.233333
0.827999 1.233333
0.828999 1.233333
0.829999 1.233333
0.830999 1.200000
0.831999 1.233333
0.832999 1.233333
0.833999 1.233333
0.834999 1.200000
0.835999 1.200000
0.836999 1.233333
0.837999 1.200000
0.838999 1.200000
0.839999 1.233333
0.840999 1.200000
0.841999 1.200000
0.842999 1.200000
0.843999 1.200000
0.844999 1.200000
0.845999 1.200000
0.846999 1.200000
0.847999 1.200000
0.848999 1.200000
0.849999 1.200000
0.850999 1.200000
0.851999 1.200000
0.852999 1.200000
0.853999 1.200000
0.854999 1.200000
0.855999 1.200000
0.856999 1.200000
0.857999 1.200000
0.858999 1.200000
0.859999 1.200000
0.860999 1.166667
0.861999 1.166667
0.862999 1.166667
0.863999 1.166667
0.864999 1.166667
0.865999 1.166667
0.866998 1.166667
0.867998 1.166667
0.868998 1.166667
0.869998 1.166667
0.870998 1.166667
0.871998 1.166667
0.872998 1.166667
0.873998 1.166667
0.874998 1.166667
0.875998 1.166667
0.876998 1.166667
0.877998 1.166667
0.878998 1.166667
0.879998 1.166667
0.880998 1.133333
0.881998 1.133333
0.882998 1.133333
0.883998 1.133333
0.884998 1.133333
0.885998 1.133333
0.886998 1.133333
0.887998 1.133333
0.888998 1.133333
0.889998 1.133333
0.890998 1.133333
0.891998 1.133333
0.892998 1.133333
0.893998 1.133333
0.894998 1.133333
0.895998 1.133333
0.896998 1.133333
0.897998 1.133333
0.898998 1.133333
0.899998 1.133333
0.900998 1.133333
0.901998 1.133333
0.902998 1.133333
0.903998 1.133333
0.904998 1.133333
0.905998 1.133333
0.906998 1.133333
0.907998 1.133333
0.908998 1.133333
0.909998 1.133333
0.910998 1.100000
0.911998 1.100000
0.912998 1.100000
0.913998 1.100000
0.914998 1.100000
0.915998 1.100000
0.916998 1.100000
0.917998 1.100000
0.918998 1.100000
0.919998 1.100000
0.920998 1.100000
0.921998 1.100000
0.922998 1.100000
0.923998 1.100000
0.924998 1.100000
0.925998 1.100000
0.926998 1.100000
0.927998 1.100000
0.928998 1.100000
0.929998 1.100000
0.930998 1.100000
0.931998 1.100000
0.932998 1.100000
0.933998 1.100000
0.934998 1.100000
0.935998 1.100000
0.936998 1.100000
0.937998 1.100000
0.938998 1.100000
0.939998 1.100000
0.940998 1.066667
0.941998 1.066667
0.942998 1.066667
0.943998 1.066667
0.944997 1.066667
0.945997 1.066667
0.946997 1.066667
0.947997 1.066667
0.948997 1.066667
0.949997 1.066667
0.950997 1.066667
0.951997 1.066667
0.952997 1.066667
0.953997 1.066667
0.954997 1.066667
0.955997 1.066667
0.956997 1.066667
0.957997 1.066667
0.958997 1.066667
0.959997 1.066667
0.960997 1.066667
0.961997 1.066667
0.962997 1.066667
0.963997 1.066667
0.964997 1.066667
0.965997 1.066667
0.966997 1.066667
0.967997 1.066667
0.968997 1.066667
0.969997 1.066667
0.970997 1.033333
0.971997 1.033333
0.972997 1.033333
0.973997 1.033333
0.974997 1.033333
0.975997 1.033333
0.976997 1.033333
0.977997 1.033333
0.978997 1.033333
0.979997 1.033333
0.980997 1.033333
0.981997 1.033333
0.982997 1.033333
0.983997 1.033333
0.984997 1.033333
0.985997 1.033333
0.986997 1.033333
0.987997 1.033333
0.988997 1.033333
0.989997 1.033333
0.990997 1.000000
0.991997 1.000000
0.992997 1.000000
0.993997 1.000000
0.994997 1.000000
0.995997 1.000000
0.996997 1.000000
0.997997 1.000000
0.998997 1.000000
0.999997 1.000000
1 1
0.600000 1.500000
0.601000 1.600000
0.602000 1.600000
0.603000 1.566667
0.604000 1.600000
0.605000 1.633333
0.606000 1.633333
0.607000 1.600000
0.608000 1.600000
0.609000 1.633333
0.610000 1.600000
0.611000 1.733333
0.612000 1.666667
0.613000 1.666667
0.614000 1.666667
0.615000 1.666667
0.616000 1.700000
0.617000 1.666667
0.618000 1.666667
0.619000 1.666667
0.620000 1.666667
0.621000 1.733333
0.622000 1.733333
0.623000 1.700000
0.624000 1.700000
0.625000 1.700000
0.626000 1.733333
0.627000 1.733333
0.628000 1.700000
0.629000 1.700000
0.630000 1.733333
0.631000 1.733333
0.632000 1.733333
0.633000 1.733333
0.634000 1.733333
0.635000 1.733333
0.636000 1.733333
0.637000 1.733333
0.638000 1.733333
0.639000 1.766667
0.640000 1.733333
0.640999 1.733333
0.641999 1.733333
0.642999 1.733333
0.643999 1.733333
0.644999 1.733333
0.645999 1.733333
0.646999 1.733333
0.647999 1.733333
0.648999 1.733333
0.649999 1.733333
1 1
