0 0
0.010000 0.000000
0.020000 0.000000
0.030000 0.000000
0.040000 0.000000
0.050000 0.000000
0.060000 0.000000
0.070000 0.033333
0.080000 0.033333
0.090000 0.033333
0.100000 0.033333
0.110000 0.033333
0.120000 0.033333
0.130000 0.033333
0.140000 0.033333
0.150000 0.033333
0.160000 0.033333
0.170000 0.066667
0.180000 0.066667
0.190000 0.066667
0.200000 0.066667
0.210000 0.066667
0.220000 0.066667
0.230000 0.100000
0.240000 0.100000
0.250000 0.100000
0.260000 0.100000
0.270000 0.100000
0.280000 0.100000
0.290000 0.133333
0.300000 0.133333
0.310000 0.133333
0.320000 0.133333
0.330000 0.166667
0.340000 0.166667
0.350000 0.166667
0.360000 0.200000
0.370000 0.200000
0.380000 0.233333
0.390000 0.233333
0.400000 0.233333
0.410000 0.266667
0.420000 0.266667
0.430000 0.300000
0.440000 0.333333
0.450000 0.366667
0.460000 0.366667
0.470000 0.433333
0.480000 0.466667
0.490000 0.500000
0.500000 0.566667
0.510000 0.633333
0.520000 0.666667
0.530000 0.733333
0.540000 0.866667
0.550000 0.933333
0.560000 1.033333
0.570000 1.133333
0.580000 1.333333
0.590000 1.400000
0.600000 1.533333
0.610000 1.633333
0.620000 1.666667
0.630000 1.766667
0.640000 1.733333
0.650000 1.733333
0.660000 1.733333
0.670000 1.666667
0.680000 1.666667
0.690000 1.633333
0.700000 1.566667
0.710000 1.533333
0.720000 1.500000
0.730000 1.466667
0.740000 1.433333
0.750000 1.400000
0.760000 1.366667
0.770000 1.333333
0.780000 1.333333
0.790000 1.300000
0.800000 1.300000
0.810000 1.266667
0.820000 1.233333
0.830000 1.233333
0.839999 1.233333
0.849999 1.200000
0.859999 1.200000
0.869999 1.166667
0.879999 1.166667
0.889999 1.133333
0.899999 1.133333
0.909999 1.133333
0.919999 1.100000
0.929999 1.100000
0.939999 1.100000
0.949999 1.066667
0.959999 1.066667
0.969999 1.066667
0.979999 1.033333
0.989999 1.033333
0.999999 1.000000
1 1
